Accuracy: 0.4162448694115698
Precision: 0.33284591663467283
Recall: 0.4162448694115698
F1 Score: 0.3610087720515744
